rst
0.4254
0.4251
0.42915
0.42833
0.43262
0.42288
0.43715
0.42989
0.42851
0.42782
0.43767
0.42719
0.43043
0.4284
0.44107
0.42496
0.42954
0.41429
0.43533
0.42576
0.44054
0.43109
0.4284
0.43556
0.42584
0.44609
0.43134
0.42576
0.4325
0.43222
0.42452
0.4281
0.43629
0.43101
0.43019
0.42394
0.4323
0.42508
0.43217
0.43056
0.42515
0.41788
0.42557
0.4323
0.44039
0.42878
0.42402
0.42216
0.42401
0.42661
0.44051
0.42671
0.42485
0.4303
0.4288
0.42338
0.43144
0.43229
0.44338
0.4372
0.43169
0.42278
0.43279
0.43211
0.42646
0.42488
0.42852
0.43924
0.43328
0.43939
0.4315
0.41823
0.42515
0.42701
0.43183
0.42826
0.43875
0.43524
0.42428
0.42981
0.43068
0.42368
0.43094
0.4378
0.42306
0.4313
0.43483
0.42561
0.42029
0.43503
0.42789
0.4257
0.42436
0.43438
0.42737
0.4285
0.42597
0.43481
0.42107
0.43272
